7.93
1.52
8.25
2.68
3.41
7.64
0
8.25
4.31
10.36
3.92
3.31
5.47
7.38
10.65
5.0
3.6
10.9
4.56
8.03
4.96
0
1.51
2.53
5.78
0
3.49
4.18
3.5
0.74
2.74
1.49
5.11
5.11
0
5.83
8.84
0
3.86
5.16
0.07
1.07
6.86
2.59
8.5
8.99
1.37
10.95
3.65
1.44
1.73
1.98
7.6
5.12
0.05
2.41
10.05
6.93
4.33
8.01
0
4.68
3.1
5.12
8.14
10.82
4.05
4.59
10.52
0
2.18
10.06
5.03
10.57
10.13
7.53
0.71
5.58
1.14
2.0
9.12
6.57
1.97
10.25
8.67
1.76
5.92
10.27
10.75
9.29
4.42
6.95
5.72
8.27
10.88
9.3
6.83
10.85
0
3.44
0
9.07
2.32
0
8.99
6.11
10.88
0.58
10.1
7.91
9.52
7.81
4.76
2.91
9.56
2.29
8.0
3.65
1.21
5.17
4.66
7.65
0
10.03
1.86
5.61
3.21
1.16
0
0
10.58
10.78
1.69
10.72
0.56
2.97
0.5
3.04
3.34
9.21
0
2.6
2.58
8.34
7.48
1.67
0.27
0
0
2.18
